3 0.129078125 0.9033967391304347 0.07182812499999999 0.1932065217391305
3 0.190828125 0.856820652173913 0.05546875 0.2863586956521739
3 0.229890625 0.8539130434782609 0.05324999999999998 0.29217391304347823
3 0.0609375 0.8573369565217391 0.040625 0.28532608695652173
3 0.1454375 0.8424728260869564 0.03678124999999999 0.20720108695652173
3 0.0359375 0.8980978260869565 0.053125 0.20380434782608695
3 0.311546875 0.7887771739130435 0.04842187500000002 0.20076086956521738
3 0.396171875 0.7079347826086956 0.020374999999999987 0.12445652173913038
1 0.6039218749999999 0.7098641304347827 0.0720625 0.07399456521739135
1 0.786203125 0.7716576086956523 0.1553593749999999 0.14706521739130435
0 0.550546875 0.6332065217391305 0.06817187499999999 0.10312499999999997