3 0.352453125 0.6846739130434782 0.024484375000000023 0.07736413043478253
3 0.5014375 0.6507065217391305 0.016640624999999964 0.04823369565217391
2 0.40490624999999997 0.6979076086956522 0.04024999999999999 0.05472826086956518
1 0.419421875 0.6587771739130435 0.05142187499999995 0.05923913043478264
2 0.386125 0.6552173913043479 0.031546875000000044 0.03918478260869569
2 0.300375 0.6736684782608695 0.03639062500000003 0.06054347826086964
2 0.26875 0.6636413043478261 0.01779687499999998 0.03790760869565214
1 0.050953125 0.677554347826087 0.06209375000000002 0.06831521739130439
1 0.09745312499999999 0.6555434782608696 0.05024999999999998 0.05019021739130442
3 0.14675 0.6752717391304348 0.01484375 0.06119565217391299
3 0.33534375 0.6558695652173914 0.017046875000000038 0.05342391304347833
1 0.56803125 0.706983695652174 0.10464062500000004 0.0909510869565218
1 0.53175 0.6701086956521739 0.06165625000000006 0.0637771739130434
1 0.608203125 0.6746467391304348 0.08232812500000009 0.07801630434782603
1 0.6958125 0.6691304347826087 0.09237500000000001 0.1084239130434782
1 0.8481406249999999 0.7778260869565218 0.18279687500000003 0.16279891304347818
1 0.931265625 0.7554891304347826 0.13746875000000003 0.1414402173913043
2 0.780625 0.6759239130434783 0.03259375000000002 0.07543478260869563
2 0.81075 0.6752717391304348 0.03212499999999992 0.07671195652173918