3 0.162 0.8878804347826087 0.06320312499999999 0.22423913043478255
3 0.19765625 0.8682065217391305 0.0453125 0.26358695652173914
3 0.215 0.8334239130434782 0.02859375000000002 0.26673913043478253
3 0.237890625 0.8389130434782609 0.043953124999999996 0.266086956521739
3 0.271734375 0.8748369565217391 0.05660937500000003 0.14769021739130442
3 0.28512499999999996 0.7939673913043478 0.03875000000000002 0.16453804347826076
3 0.301125 0.7680978260869565 0.03787500000000001 0.20595108695652173
3 0.33534375 0.7764945652173914 0.05437500000000002 0.1684239130434783
3 0.42964062500000005 0.6662228260869565 0.019796874999999936 0.07595108695652171
3 0.403421875 0.700163043478261 0.020906249999999994 0.10894021739130444
3 0.376640625 0.7101902173913044 0.028203125000000016 0.11733695652173907
1 0.6154531249999999 0.7021195652173913 0.08173437499999991 0.07399456521739135