3 0.3481875 0.6940217391304347 0.022015624999999962 0.08500000000000008
3 0.383140625 0.6587771739130435 0.019046874999999998 0.05149456521739127
3 0.511484375 0.6471467391304347 0.009953125000000007 0.05146739130434782
1 0.46126562499999996 0.6769021739130435 0.05476562499999993 0.061847826086956575
3 0.546265625 0.7092391304347826 0.087890625 0.07478260869565212
3 0.5559375 0.6681521739130435 0.05198437499999997 0.05654891304347819
3 0.48079687499999996 0.6626630434782609 0.04473437499999999 0.04942934782608695
3 0.65675 0.6642934782608696 0.08121875000000003 0.09869565217391303
3 0.9095000000000001 0.8130706521739129 0.1809843749999999 0.18154891304347842
3 0.958046875 0.7493478260869565 0.08389062500000008 0.1187771739130435
3 0.86209375 0.685625 0.052671875000000055 0.0715489130434783
3 0.0386875 0.6778804347826087 0.074046875 0.0870652173913044
2 0.20290625 0.6652445652173913 0.03343749999999999 0.04684782608695655
2 0.24495312500000002 0.6697826086956522 0.029812499999999974 0.06831521739130439
2 0.759046875 0.6713858695652174 0.032874999999999946 0.06301630434782615
2 0.78396875 0.674945652173913 0.023203125000000036 0.05847826086956517
2 0.80759375 0.654891304347826 0.022828124999999932 0.05720108695652177
2 0.909140625 0.6752717391304348 0.02403125000000017 0.06301630434782615
1 0.8632031250000001 0.6810869565217391 0.054906250000000156 0.09019021739130442