3 0.353015625 0.6769021739130434 0.02128125000000001 0.06959239130434779
3 0.508328125 0.6432608695652174 0.011999999999999922 0.043722826086956455
2 0.44173437499999996 0.6591032608695653 0.02909375000000001 0.04695652173913036
1 0.372546875 0.6607336956521739 0.033546875000000045 0.06312500000000006
2 0.33014062499999997 0.6639673913043478 0.024624999999999987 0.04114130434782605
2 0.302046875 0.6600815217391304 0.015187500000000043 0.04888586956521741
1 0.086109375 0.6704347826086957 0.07964062499999999 0.0747826086956522
1 0.627546875 0.6704347826086956 0.04564062500000006 0.05923913043478264
1 0.6729375 0.6840217391304347 0.055546874999999926 0.07089673913043472
1 0.5858749999999999 0.7111956521739131 0.0739218750000001 0.09418478260869556
1 0.7977343749999999 0.7677989130434782 0.13824999999999993 0.14013586956521754
1 0.9195625 0.7606793478260869 0.11139062499999994 0.13885869565217399
1 0.9463593749999999 0.7225 0.1069218750000001 0.1142391304347826
1 0.9647500000000001 0.8881249999999999 0.07049999999999983 0.17899456521739132