2 0.47231249999999997 0.6715760869565217 0.01928125000000005 0.053478260869565156
2 0.5139843749999999 0.6614402173913043 0.01928125000000005 0.04529891304347831
3 0.369390625 0.6717934782608694 0.017312499999999974 0.05565217391304345
2 0.44628125 0.6573369565217392 0.026734375000000022 0.03538043478260865
1 0.603140625 0.7250815217391304 0.08746875000000003 0.09489130434782606
2 0.670703125 0.6665217391304349 0.06498437500000005 0.07271739130434787
2 0.311171875 0.6577989130434783 0.026718750000000034 0.04953804347826092
1 0.114375 0.6720380434782609 0.05881250000000001 0.06429347826086955
1 0.7382187499999999 0.7393206521739131 0.1084999999999999 0.1039130434782609
1 0.9016875000000001 0.8447826086956521 0.1966093749999999 0.21907608695652175
1 0.8805 0.7244293478260869 0.13637499999999997 0.0992119565217391
5 0.7750468749999999 0.668804347826087 0.08393750000000004 0.0888858695652174